0.040921
-0.048804
-0.005064
-0.007997
-0.024906
0.025822
0.068776
0.036866
-0.019041
0.162556
0.257760
0.134603
-0.007997
-0.038883
0.032810
-0.034828
0.014090
-0.133352
-0.006875
-0.013863
-0.016796
-0.047682
-0.034828
-0.085556
-0.085556
-0.107209
0.092321
-0.150950
-0.019393
-0.157938
0.012968
-0.007997
0.029877
0.029877
-0.164238
0.036866
0.033933
-0.110576
-0.150261
-0.154317
-0.026029
-0.185891
-0.126364
-0.020851
-0.058726
0.000114
0.132793
-0.170104
0.014090
0.118816
0.017023
0.446464
0.512980
1.000000
1.000000
0.887807
0.673812
0.930770
0.908483
0.794125
0.535067
0.000114
-0.013863
-0.082623
-0.020851
-0.020851
-0.009808
-0.041816
0.000114
-0.051737
-0.009808
-0.065714
-0.013863
0.010035
0.007102
-0.003942
-0.013863
-0.006875
-0.006875
0.007102
-0.037761
0.240451
0.369075
0.011157
0.010035
0.011157
-0.075635
0.001236
-0.116442
0.014090
0.018146
0.011157
-0.044749
-0.010930
0.240451
0.007102
-0.127486
0.767057
0.471484
0.404968
1.000000
1.000000
